68
01010101
10101010
01010101
00000000
00000000
20202020
02020202
20202020
01010101
10101010
00010101
00100000
00000000
20202020
02020202
20202020
01010101
10101010
00010101
00100000
00000200
20202000
02020202
20202020
01010101
10001010
01010101
00100000
00000200
20202000
02020202
20202020
01010101
10001010
01010101
00100000
00000200
20202020
02020002
20202020
01010101
10001010
01010001
00101000
00000200
20202020
02020002
20202020
01010101
10001010
01010001
00101020
00000000
20202020
02020002
20202020
01010101
10001010
01010000
00101000
00000100
20202020
02020002
20202020
01010101
10001010
01010000
00101020
00000000
20200020
02020002
20202020
01010101
10001010
01010000
00001020
00010000
20200020
02020002
20202020
01010101
10001010
01010000
00001020
00010000
20202020
02000002
20202020
01010101
10001010
01010000
00001020
00000000
20200020
02000102
20202020
01010101
10001010
01010000
00001020
00000000
20202020
02000002
20202000
01010101
10001010
01000000
00101020
00000000
20202020
02000002
20202000
01010101
10001010
01000000
00101020
02000000
20002020
02000002
20202000
01010101
10000010
01010000
00101020
02000000
20002020
02000002
20202000
01010101
10000010
01010000
00101020
02000000
20202020
00000002
20202000
01010101
10000000
01010001
00101020
02000000
20202020
00000002
20202000
01010101
10000000
01010001
00101020
02000000
20202020
00020002
20002000
01010101
10000000
01010001
00100020
02000100
20202020
00020002
20002000
01010101
10000000
01010001
00102020
02000000
20202000
00020002
20002000
01010101
10000000
01000001
00100020
02000100
20202000
00020002
20002000
01010101
10000000
01000001
00100020
02020100
20002000
00020002
20002000
01010101
10000000
00000001
10100020
02020100
20002000
00020002
20002000
01010101
10000000
02000001
10000020
02000100
20002000
00020002
20002000
01010101
00000000
00000001
10100020
02000100
20002000
00020002
20002000
01010101
00000000
00020001
10000020
00000100
20002000
00020002
20002000
01000101
00100000
00020001
10000020
00000100
20002000
00020002
20002000
01000101
00100000
00020001
10000020
00000100
20202000
00000002
20002000
01000001
00101000
00020001
10000020
00000100
20202000
00000002
20002000
01000401
00100000
00000001
10000020
00000100
20202000
00000002
20002000
01000401
00000000
00010001
10000020
00000100
20202000
00000002
20002000
01000401
00000000
00010001
10000020
00020100
20002000
00000002
20002000
01000401
00000000
00010001
10000020
00020000
20000000
00010002
20002000
01000401
00000000
00010001
10000020
00020000
20200000
00000002
20000000
01000400
00000010
00010001
10000020
00020000
20200000
00000002
20000000
01000400
00000010
00010001
10000020
00020000
20200020
00000000
20000000
01000400
00000010
00010000
10000000
00020100
20200020
00000000
20000000
01000400
00000010
00010000
10002000
00020000
20200000
00000000
20000000
01000400
00000010
00000000
10000000
00020100
20200000
00000000
20000000
01000000
00000000
00000004
10000000
00020100
20200000
00000000
20000000
01000000
00000000
00000004
10000000
00020000
20201000
00000000
20000000
01000000
00000000
00000004
10000000
02020000
20001000
00000000
20000000
01000000
00000000
00000004
00000000
00020000
20101000
00000000
20000000
01000000
00000000
00000004
00000000
00020000
20101000
02000000
00000000
01000000
00000000
00000004
00000000
00020000
20001000
00000000
30000000
01000000
00000000
00000004
00000000
02020000
00001000
00000000
30000000
01000000
00000000
00000004
00000000
02020000
00000000
00010000
30000000
01000000
00000000
00000000
00000040
02020000
00000000
00010000
30000000
01000000
00000000
00000000
00000040
02020000
00000000
00000000
30003000
01000000
00000000
00000000
00200040
00020000
00000000
00000000
30003000
01000000
00000000
00000000
00200040
00020000
00000000
00030000
30000000
01000000
00000000
02000000
00000040
00020000
00000000
00030000
30000000
01000000
00000000
02000000
00000040
00020000
00000000
03030000
00000000
01000000
00200000
00000000
00000040
00020000
00000000
03030000
00000000
00000000
00000000
00010000
00000040
00020000
00000000
03030000
00000000
00000000
00000000
00010000
00000000
00020400
00000000
03030000
00000000
00000000
00000000
00000000
00001000
00020400
00000000
03030000
00000000
00000000
00000000
00000000
00001000
00020000
00004000
03030000
00000000
00000000
00000000
00000000
00001000
00020300
00000000
03000000
00000000
00000000
00000000
00000200
00000000
00000300
00000000
03000000
00000000
00000000
00000000
00000200
00000030
00000000
00000000
03000000
00000000
00000000
00000020
00000000
00000030
00000000
00000000
03000000
00000000
00000000
00000020
00000003
00000000
00000000
00000000
03000000
00000000
00000004
00000000
00000003
00000000
00000000
00000000
03000000
00000000
00000004
00000000
00000003
00000000
00000000
00000000
00000000
00300000
00000000
00000040
00000003
00000000
00000000
00000000
00000000
00300000
00000300
00000000
00000000
00000000
00000000
00000000
00000000
00300000
